"rs." "alleles" "chrom" "pos" "cm" "posV3"
"1" "S_740812" NA 1 740812 -4 738684
"2" "S_1148260" NA 1 1148260 -3 1146132
"3" "S_1555707" NA 1 1555707 -2 1553579
"4" "S_1963154" NA 1 1963154 -1 1961026
"5" "S_2969600" NA 1 2969600 0 2962451
"6" "S_3252403" NA 1 3252403 1 3245254
"7" "S_3535205" NA 1 3535205 2 3528862
"8" "S_3886086" NA 1 3886086 3 3879743
"9" "S_4395818" NA 1 4395818 4 4389475
"10" "S_4670394" NA 1 4670394 5 4664051
"11" "S_4918842" NA 1 4918842 6 4912499
"12" "S_5167290" NA 1 5167290 7 5160947
"13" "S_5415738" NA 1 5415738 8 5409395
"14" "S_5697098" NA 1 5697098 9 5690755
"15" "S_6055254" NA 1 6055254 10 6048911
"16" "S_6486801" NA 1 6486801 11 6480458
"17" "S_6991738" NA 1 6991738 12 6985395
"18" "S_7509485" NA 1 7509485 13 7504703
"19" "S_8035771" NA 1 8035771 14 8030989
"20" "S_8489863" NA 1 8489863 15 8485081
"21" "S_8887909" NA 1 8887909 16 8882827
"22" "S_9314887" NA 1 9314887 17 9309805
"23" "S_9420731" NA 1 9420731 18 9415649
"24" "S_9973657" NA 1 9973657 19 9968475
"25" "S_10529197" NA 1 10529197 20 10527699
"26" "S_11013433" NA 1 11013433 21 11011935
"27" "S_11528140" NA 1 11528140 22 11526642
"28" "S_12042848" NA 1 12042848 23 12040395
"29" "S_12519321" NA 1 12519321 24 12517822
"30" "S_12970306" NA 1 12970306 25 12968807
"31" "S_13421290" NA 1 13421290 26 13419791
"32" "S_13872274" NA 1 13872274 27 13870775
"33" "S_14323258" NA 1 14323258 28 14321759
"34" "S_15004541" NA 1 15004541 29 15003823
"35" "S_15457918" NA 1 15457918 30 15457200
"36" "S_15948021" NA 1 15948021 31 15947203
"37" "S_16523816" NA 1 16523816 32 16522998
"38" "S_17686844" NA 1 17686844 33 17686026
"39" "S_18490765" NA 1 18490765 34 18489947
"40" "S_19554169" NA 1 19554169 35 19553351
"41" "S_20617572" NA 1 20617572 36 20616754
"42" "S_21580436" NA 1 21580436 37 21579618
"43" "S_22141142" NA 1 22141142 38 22140324
"44" "S_23176587" NA 1 23176587 39 23175601
"45" "S_24122324" NA 1 24122324 40 24121338
"46" "S_25068060" NA 1 25068060 41 25066974
"47" "S_26013797" NA 1 26013797 42 26013997
"48" "S_26635900" NA 1 26635900 43 26636469
"49" "S_27177094" NA 1 27177094 44 27177663
"50" "S_27718288" NA 1 27718288 45 27718857
"51" "S_28259483" NA 1 28259483 46 28260052
"52" "S_29083083" NA 1 29083083 47 29084130
"53" "S_30027714" NA 1 30027714 48 30030100
"54" "S_30972345" NA 1 30972345 49 30976884
"55" "S_31916976" NA 1 31916976 50 31921899
"56" "S_32805087" NA 1 32805087 51 32810010
"57" "S_33561318" NA 1 33561318 52 33566241
"58" "S_34673143" NA 1 34673143 53 34677766
"59" "S_36223730" NA 1 36223730 54 36228253
"60" "S_37774317" NA 1 37774317 55 37778840
"61" "S_39028040" NA 1 39028040 56 39032563
"62" "S_40057138" NA 1 40057138 57 40061661
"63" "S_41104295" NA 1 41104295 58 41108818
"64" "S_43744350" NA 1 43744350 59 43748873
"65" "S_44658596" NA 1 44658596 60 44663119
"66" "S_45854317" NA 1 45854317 61 45858840
"67" "S_47204119" NA 1 47204119 62 47208642
"68" "S_48726397" NA 1 48726397 63 48722814
"69" "S_50245860" NA 1 50245860 64 50243404
"70" "S_51399258" NA 1 51399258 65 51396702
"71" "S_52221146" NA 1 52221146 66 52218590
"72" "S_53043034" NA 1 53043034 67 53040547
"73" "S_53864922" NA 1 53864922 68 53862435
"74" "S_56459715" NA 1 56459715 69 56461693
"75" "S_58147064" NA 1 58147064 70 58148942
"76" "S_60146795" NA 1 60146795 71 60149116
"77" "S_62861084" NA 1 62861084 72 62864383
"78" "S_65943213" NA 1 65943213 73 65948979
"79" "S_68200547" NA 1 68200547 74 68208271
"80" "S_70045882" NA 1 70045882 75 70053606
"81" "S_71891217" NA 1 71891217 76 71899694
"82" "S_73736553" NA 1 73736553 77 73744730
"83" "S_75581888" NA 1 75581888 78 75590065
"84" "S_77561162" NA 1 77561162 79 77569109
"85" "S_80745886" NA 1 80745886 80 80755775
"86" "S_83076345" NA 1 83076345 81 83086234
"87" "S_85024759" NA 1 85024759 82 85034648
"88" "S_87098149" NA 1 87098149 83 87105703
"89" "S_89287852" NA 1 89287852 84 89296873
"90" "S_92176157" NA 1 92176157 85 92185178
"91" "S_96062938" NA 1 96062938 86 96071759
"92" "S_103241856" NA 1 103241856 87 103250735
"93" "S_113800123" NA 1 113800123 88 113807400
"94" "S_150816131" NA 1 150816131 89 150825512
"95" "S_158110289" NA 1 158110289 90 158125689
"96" "S_166710816" NA 1 166710816 91 166729193
"97" "S_169790811" NA 1 169790811 92 169809710
"98" "S_172870806" NA 1 172870806 93 172889605
"99" "S_175914446" NA 1 175914446 94 175941923
"100" "S_178630901" NA 1 178630901 95 178657978
"101" "S_181051496" NA 1 181051496 96 181078473
"102" "S_183080192" NA 1 183080192 97 183107069
"103" "S_183940070" NA 1 183940070 98 183970628
"104" "S_185113784" NA 1 185113784 99 185147298
"105" "S_186357142" NA 1 186357142 100 186390656
"106" "S_187600500" NA 1 187600500 101 187634014
"107" "S_188843858" NA 1 188843858 102 188877372
"108" "S_190087216" NA 1 190087216 103 190120730
"109" "S_191330573" NA 1 191330573 104 191364087
"110" "S_192573931" NA 1 192573931 105 192606934
"111" "S_193817289" NA 1 193817289 106 193850284
"112" "S_195060647" NA 1 195060647 107 195093642
"113" "S_196164654" NA 1 196164654 108 196197549
"114" "S_197161167" NA 1 197161167 109 197194495
"115" "S_198026332" NA 1 198026332 110 198059660
"116" "S_198891498" NA 1 198891498 111 198924626
"117" "S_199756663" NA 1 199756663 112 199791154
"118" "S_200621829" NA 1 200621829 113 200657268
"119" "S_201486994" NA 1 201486994 114 201522753
"120" "S_203237687" NA 1 203237687 115 203277445
"121" "S_205281187" NA 1 205281187 116 205325537
"122" "S_206327296" NA 1 206327296 117 206371646
"123" "S_207373405" NA 1 207373405 118 207417655
"124" "S_208419514" NA 1 208419514 119 208466829
"125" "S_209579604" NA 1 209579604 120 209626643
"126" "S_210788543" NA 1 210788543 121 210835582
"127" "S_211997482" NA 1 211997482 122 212044521
"128" "S_213071820" NA 1 213071820 123 213118859
"129" "S_214181980" NA 1 214181980 124 214228821
"130" "S_215468843" NA 1 215468843 125 215519767
"131" "S_216753928" NA 1 216753928 126 216806268
"132" "S_218577918" NA 1 218577918 127 218630158
"133" "S_221054047" NA 1 221054047 128 221106849
"134" "S_223150924" NA 1 223150924 129 223214657
"135" "S_223730785" NA 1 223730785 130 223795474
"136" "S_224402372" NA 1 224402372 131 224467061
"137" "S_225340318" NA 1 225340318 132 225406447
"138" "S_227437190" NA 1 227437190 133 227498653
"139" "S_228408957" NA 1 228408957 134 228470320
"140" "S_229609244" NA 1 229609244 135 229670507
"141" "S_230916658" NA 1 230916658 136 230977921
"142" "S_232724707" NA 1 232724707 137 232786671
"143" "S_235278541" NA 1 235278541 138 235338060
"144" "S_237832376" NA 1 237832376 139 237891302
"145" "S_239698285" NA 1 239698285 140 239757211
"146" "S_241496179" NA 1 241496179 141 241555005
"147" "S_243476486" NA 1 243476486 142 243534502
"148" "S_245456793" NA 1 245456793 143 245515725
"149" "S_247437100" NA 1 247437100 144 247496032
"150" "S_249417407" NA 1 249417407 145 249478229
"151" "S_251723948" NA 1 251723948 146 NA
"152" "S_253063477" NA 1 253063477 147 253123346
"153" "S_253402029" NA 1 253402029 148 253461898
"154" "S_254046161" NA 1 254046161 149 254106030
"155" "S_255403310" NA 1 255403310 150 255463179
"156" "S_256513832" NA 1 256513832 151 256573701
"157" "S_257892756" NA 1 257892756 152 257952487
"158" "S_258639607" NA 1 258639607 153 258699338
"159" "S_259099657" NA 1 259099657 154 259159388
"160" "S_260176605" NA 1 260176605 155 260236336
"161" "S_262609794" NA 1 262609794 156 262675227
"162" "S_263985002" NA 1 263985002 157 264050435
"163" "S_265255905" NA 1 265255905 158 265321238
"164" "S_266526808" NA 1 266526808 159 266592141
"165" "S_267797711" NA 1 267797711 160 NA
"166" "S_269068613" NA 1 269068613 161 269134540
"167" "S_271225201" NA 1 271225201 162 271291887
"168" "S_272525462" NA 1 272525462 163 272592148
"169" "S_273668623" NA 1 273668623 164 273735109
"170" "S_274576136" NA 1 274576136 165 274643139
"171" "S_275483649" NA 1 275483649 166 275550652
"172" "S_276330385" NA 1 276330385 167 276397288
"173" "S_276934002" NA 1 276934002 168 277000804
"174" "S_278358214" NA 1 278358214 169 278424906
"175" "S_279303945" NA 1 279303945 170 279370637
"176" "S_279968096" NA 1 279968096 171 NA
"177" "S_280444525" NA 1 280444525 172 280511117
"178" "S_280920954" NA 1 280920954 173 280988870
"179" "S_281389433" NA 1 281389433 174 281457349
"180" "S_281980858" NA 1 281980858 175 282048674
"181" "S_283241429" NA 1 283241429 176 283312539
"182" "S_284629688" NA 1 284629688 177 284700698
"183" "S_285458111" NA 1 285458111 178 285529121
"184" "S_286359263" NA 1 286359263 179 286430184
"185" "S_286998925" NA 1 286998925 180 287069846
"186" "S_287787402" NA 1 287787402 181 287858323
"187" "S_288374247" NA 1 288374247 182 288445168
"188" "S_288961092" NA 1 288961092 183 289031913
"189" "S_289547937" NA 1 289547937 184 289618758
"190" "S_290271308" NA 1 290271308 185 290343513
"191" "S_290994678" NA 1 290994678 186 291067523
"192" "S_291718049" NA 1 291718049 187 291792928
"193" "S_292148534" NA 1 292148534 188 292224915
"194" "S_292505798" NA 1 292505798 189 292582841
"195" "S_292863061" NA 1 292863061 190 292940004
"196" "S_293329646" NA 1 293329646 191 293406589
"197" "S_293767888" NA 1 293767888 192 293844831
"198" "S_295018337" NA 1 295018337 193 295098629
"199" "S_295182146" NA 1 295182146 194 295262438
"200" "S_295345955" NA 1 295345955 195 295426247
"201" "S_295646610" NA 1 295646610 196 295726902
"202" "S_296021192" NA 1 296021192 197 296101284
"203" "S_296643056" NA 1 296643056 198 296723048
"204" "S_297306628" NA 1 297306628 199 297385976
"205" "S_297974901" NA 1 297974901 200 298054249
"206" "S_298436178" NA 1 298436178 201 298515526
"207" "S_299580994" NA 1 299580994 202 NA
"208" "S_300219938" NA 1 300219938 203 300299286
"209" "S_300858882" NA 1 300858882 204 300938130
"210" "S_301497825" NA 1 301497825 205 NA
"211" "S_506889" NA 2 506889 -3 506590
"212" "S_800641" NA 2 800641 -2 803215
"213" "S_1094394" NA 2 1094394 -1 1096968
"214" "S_1484622" NA 2 1484622 0 1487096
"215" "S_1699892" NA 2 1699892 1 1702366
"216" "S_1915161" NA 2 1915161 2 1917635
"217" "S_2130431" NA 2 2130431 3 2135121
"218" "S_2345701" NA 2 2345701 4 2350391
"219" "S_2654015" NA 2 2654015 5 2658705
"220" "S_3147249" NA 2 3147249 6 3151939
"221" "S_3314221" NA 2 3314221 7 3318911
"222" "S_3461208" NA 2 3461208 8 3465898
"223" "S_3606091" NA 2 3606091 9 3610781
"224" "S_3995442" NA 2 3995442 10 4000132
"225" "S_4323319" NA 2 4323319 11 4328959
"226" "S_4583606" NA 2 4583606 12 4589146
"227" "S_4843892" NA 2 4843892 13 4849432
"228" "S_5104178" NA 2 5104178 14 5109718
"229" "S_5364465" NA 2 5364465 15 5370005
"230" "S_5624751" NA 2 5624751 16 5630291
"231" "S_5870117" NA 2 5870117 17 5875657
"232" "S_6245916" NA 2 6245916 18 6247163
"233" "S_6642611" NA 2 6642611 19 6643858
"234" "S_6978725" NA 2 6978725 20 6979972
"235" "S_7314839" NA 2 7314839 21 7318715
"236" "S_7679279" NA 2 7679279 22 7683155
"237" "S_8063546" NA 2 8063546 23 8067422
"238" "S_8447814" NA 2 8447814 24 8451490
"239" "S_8832081" NA 2 8832081 25 8835757
"240" "S_9216349" NA 2 9216349 26 9219825
"241" "S_9790925" NA 2 9790925 27 9794401
"242" "S_10239797" NA 2 10239797 28 10245969
"243" "S_10583145" NA 2 10583145 29 10589317
"244" "S_10915567" NA 2 10915567 30 10922977
"245" "S_11247990" NA 2 11247990 31 11255400
"246" "S_11580413" NA 2 11580413 32 11587823
"247" "S_11912836" NA 2 11912836 33 11920246
"248" "S_12245259" NA 2 12245259 34 12252669
"249" "S_12577681" NA 2 12577681 35 12585091
"250" "S_13046661" NA 2 13046661 36 13054071
"251" "S_13549780" NA 2 13549780 37 13557190
"252" "S_14048693" NA 2 14048693 38 14056103
"253" "S_14541294" NA 2 14541294 39 14552640
"254" "S_15167200" NA 2 15167200 40 15178446
"255" "S_15964090" NA 2 15964090 41 15975336
"256" "S_16334455" NA 2 16334455 42 16345701
"257" "S_16704819" NA 2 16704819 43 16721195
"258" "S_17075184" NA 2 17075184 44 17699512
"259" "S_17445549" NA 2 17445549 45 18069877
"260" "S_17815914" NA 2 17815914 46 18440242
"261" "S_18338427" NA 2 18338427 47 18962755
"262" "S_19215955" NA 2 19215955 48 19840029
"263" "S_19958961" NA 2 19958961 49 20583035
"264" "S_20316704" NA 2 20316704 50 20940778
"265" "S_21285732" NA 2 21285732 51 21909806
"266" "S_21888074" NA 2 21888074 52 22512148
"267" "S_22564998" NA 2 22564998 53 23189072
"268" "S_23094731" NA 2 23094731 54 23718805
"269" "S_24049806" NA 2 24049806 55 24673880
"270" "S_25444803" NA 2 25444803 56 26068877
"271" "S_26791728" NA 2 26791728 57 27417328
"272" "S_27964842" NA 2 27964842 58 28590242
"273" "S_28462548" NA 2 28462548 59 29090846
"274" "S_29138759" NA 2 29138759 60 29766957
"275" "S_30292897" NA 2 30292897 61 30921447
"276" "S_32447743" NA 2 32447743 62 33075993
"277" "S_34374841" NA 2 34374841 63 35003329
"278" "S_35922139" NA 2 35922139 64 36550627
"279" "S_37448690" NA 2 37448690 65 38077536
"280" "S_38975242" NA 2 38975242 66 39603988
"281" "S_40706738" NA 2 40706738 67 41335484
"282" "S_42743656" NA 2 42743656 68 43372302
"283" "S_45718704" NA 2 45718704 69 46348464
"284" "S_48248216" NA 2 48248216 70 48877584
"285" "S_51422194" NA 2 51422194 71 52051262
"286" "S_56927400" NA 2 56927400 72 57556268
"287" "S_61252718" NA 2 61252718 73 61883122
"288" "S_66952853" NA 2 66952853 74 67583257
"289" "S_87089680" NA 2 87089680 75 87719084
"290" "S_121852506" NA 2 121852506 76 122483508
"291" "S_133132706" NA 2 133132706 77 133763408
"292" "S_141009235" NA 2 141009235 78 141642399
"293" "S_148392709" NA 2 148392709 79 149028153
"294" "S_153170753" NA 2 153170753 80 153805274
"295" "S_161763429" NA 2 161763429 81 162397026
"296" "S_168277614" NA 2 168277614 82 168913227
"297" "S_173250593" NA 2 173250593 83 173893713
"298" "S_175544792" NA 2 175544792 84 176190706
"299" "S_177496111" NA 2 177496111 85 178145199
"300" "S_178999790" NA 2 178999790 86 179649241
"301" "S_180202297" NA 2 180202297 87 180851898
"302" "S_181404804" NA 2 181404804 88 182054305
"303" "S_182607311" NA 2 182607311 89 183256812
"304" "S_183990538" NA 2 183990538 90 184640039
"305" "S_185088430" NA 2 185088430 91 185737831
"306" "S_185880908" NA 2 185880908 92 186527328
"307" "S_186673386" NA 2 186673386 93 187321512
"308" "S_187465864" NA 2 187465864 94 188114961
"309" "S_188258342" NA 2 188258342 95 188908829
"310" "S_189050820" NA 2 189050820 96 189701207
"311" "S_189701660" NA 2 189701660 97 190351416
"312" "S_190271688" NA 2 190271688 98 190921880
"313" "S_191389147" NA 2 191389147 99 192039239
"314" "S_192506605" NA 2 192506605 100 193156697
"315" "S_193624064" NA 2 193624064 101 194274056
"316" "S_194741523" NA 2 194741523 102 195391515
"317" "S_195781723" NA 2 195781723 103 196431615
"318" "S_196641655" NA 2 196641655 104 197295254
"319" "S_198260652" NA 2 198260652 105 198914740
"320" "S_199889005" NA 2 199889005 106 200545108
"321" "S_203059093" NA 2 203059093 107 203714681
"322" "S_204099491" NA 2 204099491 108 204755079
"323" "S_205118480" NA 2 205118480 109 205779760
"324" "S_205944776" NA 2 205944776 110 206608346
"325" "S_206771072" NA 2 206771072 111 207434642
"326" "S_207597369" NA 2 207597369 112 208260939
"327" "S_208423665" NA 2 208423665 113 209087952
"328" "S_209249962" NA 2 209249962 114 209914593
"329" "S_210154296" NA 2 210154296 115 210818927
"330" "S_210910263" NA 2 210910263 116 211574953
"331" "S_211589740" NA 2 211589740 117 212254430
"332" "S_211968811" NA 2 211968811 118 212633501
"333" "S_212347882" NA 2 212347882 119 213012572
"334" "S_212978357" NA 2 212978357 120 213644050
"335" "S_213860237" NA 2 213860237 121 214525930
"336" "S_214519121" NA 2 214519121 122 215184814
"337" "S_215169661" NA 2 215169661 123 215835776
"338" "S_215968109" NA 2 215968109 124 216637080
"339" "S_216755640" NA 2 216755640 125 217424611
"340" "S_217444922" NA 2 217444922 126 218113893
"341" "S_218274745" NA 2 218274745 127 218943716
"342" "S_219155558" NA 2 219155558 128 219824529
"343" "S_220037036" NA 2 220037036 129 220705907
"344" "S_220921176" NA 2 220921176 130 221590047
"345" "S_221805316" NA 2 221805316 131 222474616
"346" "S_222651743" NA 2 222651743 132 223321043
"347" "S_223158742" NA 2 223158742 133 223828042
"348" "S_223905071" NA 2 223905071 134 224574371
"349" "S_224973428" NA 2 224973428 135 225640095
"350" "S_226037743" NA 2 226037743 136 NA
"351" "S_227083135" NA 2 227083135 137 227754110
"352" "S_228128527" NA 2 228128527 138 228799002
"353" "S_228953675" NA 2 228953675 139 229624050
"354" "S_229357136" NA 2 229357136 140 230027511
"355" "S_230206347" NA 2 230206347 141 230876722
"356" "S_231044995" NA 2 231044995 142 231715270
"357" "S_231413244" NA 2 231413244 143 232083119
"358" "S_231781493" NA 2 231781493 144 232451368
"359" "S_232149742" NA 2 232149742 145 232819617
"360" "S_232517991" NA 2 232517991 146 233187866
"361" "S_232886240" NA 2 232886240 147 233556115
"362" "S_233254489" NA 2 233254489 148 233924545
"363" "S_233622738" NA 2 233622738 149 234292794
"364" "S_233990987" NA 2 233990987 150 234661043
"365" "S_234438886" NA 2 234438886 151 235108942
"366" "S_234899190" NA 2 234899190 152 235723945
"367" "S_235252423" NA 2 235252423 153 236077178
"368" "S_235605656" NA 2 235605656 154 236430411
"369" "S_236025888" NA 2 236025888 155 236850643
"370" "S_236602447" NA 2 236602447 156 237427202
"371" "S_237179005" NA 2 237179005 157 NA
"372" "S_355575" NA 3 355575 -5 355576
"373" "S_591315" NA 3 591315 -4 591316
"374" "S_827056" NA 3 827056 -3 826957
"375" "S_1062796" NA 3 1062796 -2 1062697
"376" "S_1298537" NA 3 1298537 -1 1298438
"377" "S_1491289" NA 3 1491289 0 1491190
"378" "S_1684042" NA 3 1684042 1 1683943
"379" "S_1876794" NA 3 1876794 2 1876595
"380" "S_2069546" NA 3 2069546 3 2069347
"381" "S_2262298" NA 3 2262298 4 2262099
"382" "S_2455051" NA 3 2455051 5 2454852
"383" "S_2647803" NA 3 2647803 6 2647604
"384" "S_2840555" NA 3 2840555 7 2840356
"385" "S_3033307" NA 3 3033307 8 3033318
"386" "S_3226060" NA 3 3226060 9 3226071
"387" "S_3418812" NA 3 3418812 10 3418823
"388" "S_3611564" NA 3 3611564 11 3611575
"389" "S_3804316" NA 3 3804316 12 3804327
"390" "S_3997069" NA 3 3997069 13 3997080
"391" "S_4189821" NA 3 4189821 14 4189832
"392" "S_4399984" NA 3 4399984 15 4399995
"393" "S_4610146" NA 3 4610146 16 4610157
"394" "S_4820309" NA 3 4820309 17 4820320
"395" "S_5105289" NA 3 5105289 18 5105300
"396" "S_5408974" NA 3 5408974 19 5410293
"397" "S_5751698" NA 3 5751698 20 5753017
"398" "S_5907311" NA 3 5907311 21 5908630
"399" "S_6115135" NA 3 6115135 22 6116454
"400" "S_6375170" NA 3 6375170 23 6376389
"401" "S_6635205" NA 3 6635205 24 6636424
"402" "S_7029953" NA 3 7029953 25 7031172
"403" "S_7373218" NA 3 7373218 26 7374437
"404" "S_7716482" NA 3 7716482 27 7717701
"405" "S_8059747" NA 3 8059747 28 8060966
"406" "S_8412985" NA 3 8412985 29 8414104
"407" "S_8789496" NA 3 8789496 30 8792429
"408" "S_9166006" NA 3 9166006 31 9168939
"409" "S_9542517" NA 3 9542517 32 9545450
"410" "S_9957777" NA 3 9957777 33 9961135
"411" "S_10463455" NA 3 10463455 34 10466813
"412" "S_10969134" NA 3 10969134 35 10975306
"413" "S_11474812" NA 3 11474812 36 11480984
"414" "S_11980490" NA 3 11980490 37 11986662
"415" "S_12675841" NA 3 12675841 38 12683419
"416" "S_13451970" NA 3 13451970 39 13459548
"417" "S_14228099" NA 3 14228099 40 14235987
"418" "S_15004228" NA 3 15004228 41 15012853
"419" "S_15780357" NA 3 15780357 42 15788982
"420" "S_16556486" NA 3 16556486 43 16564811
"421" "S_17332615" NA 3 17332615 44 17340940
"422" "S_18108744" NA 3 18108744 45 18117069
"423" "S_18884873" NA 3 18884873 46 18893198
"424" "S_19661002" NA 3 19661002 47 19669227
"425" "S_20437131" NA 3 20437131 48 20444857
"426" "S_21213260" NA 3 21213260 49 21220756
"427" "S_22625291" NA 3 22625291 50 22632587
"428" "S_24196297" NA 3 24196297 51 24197970
"429" "S_27109475" NA 3 27109475 52 27110648
"430" "S_29482935" NA 3 29482935 53 29483709
"431" "S_34275618" NA 3 34275618 54 34276093
"432" "S_44223736" NA 3 44223736 55 44224444
"433" "S_53518198" NA 3 53518198 56 53520068
"434" "S_67695082" NA 3 67695082 57 67698383
"435" "S_115614108" NA 3 115614108 58 115633128
"436" "S_125269818" NA 3 125269818 59 125289296
"437" "S_130307198" NA 3 130307198 60 130331617
"438" "S_136347850" NA 3 136347850 61 136375654
"439" "S_140089114" NA 3 140089114 62 140116718
"440" "S_145728976" NA 3 145728976 63 145762956
"441" "S_147489139" NA 3 147489139 64 147527841
"442" "S_150351409" NA 3 150351409 65 150390710
"443" "S_152571850" NA 3 152571850 66 152611151
"444" "S_154792291" NA 3 154792291 67 154834186
"445" "S_156934272" NA 3 156934272 68 156976477
"446" "S_158370125" NA 3 158370125 69 158412924
"447" "S_159307087" NA 3 159307087 70 159349886
"448" "S_160333879" NA 3 160333879 71 160376678
"449" "S_161364126" NA 3 161364126 72 161406925
"450" "S_162425462" NA 3 162425462 73 162468261
"451" "S_164333611" NA 3 164333611 74 164376310
"452" "S_166467956" NA 3 166467956 75 166510980
"453" "S_167371799" NA 3 167371799 76 167414823
"454" "S_168305864" NA 3 168305864 77 168349299
"455" "S_169693956" NA 3 169693956 78 169737291
"456" "S_170726091" NA 3 170726091 79 170769326
"457" "S_171444374" NA 3 171444374 80 171487609
"458" "S_172873187" NA 3 172873187 81 172916422
"459" "S_174332211" NA 3 174332211 82 174375353
"460" "S_175559059" NA 3 175559059 83 175602001
"461" "S_176569222" NA 3 176569222 84 176614101
"462" "S_177254353" NA 3 177254353 85 177305370
"463" "S_177939485" NA 3 177939485 86 177990502
"464" "S_178624617" NA 3 178624617 87 178673200
"465" "S_179309748" NA 3 179309748 88 179362702
"466" "S_179995065" NA 3 179995065 89 180049660
"467" "S_181074971" NA 3 181074971 90 181129566
"468" "S_181708617" NA 3 181708617 91 181763212
"469" "S_182742189" NA 3 182742189 92 182797802
"470" "S_183894325" NA 3 183894325 93 183950426
"471" "S_185046460" NA 3 185046460 94 185102561
"472" "S_186198596" NA 3 186198596 95 186256894
"473" "S_187132839" NA 3 187132839 96 187191137
"474" "S_188250269" NA 3 188250269 97 188309018
"475" "S_189851478" NA 3 189851478 98 189910227
"476" "S_191452687" NA 3 191452687 99 191512547
"477" "S_194446723" NA 3 194446723 100 194510282
"478" "S_195737742" NA 3 195737742 101 195802065
"479" "S_196440788" NA 3 196440788 102 196510712
"480" "S_198683470" NA 3 198683470 103 198755706
"481" "S_199624131" NA 3 199624131 104 199696367
"482" "S_200756103" NA 3 200756103 105 200828139
"483" "S_201390374" NA 3 201390374 106 201462410
"484" "S_202178692" NA 3 202178692 107 NA
"485" "S_203824154" NA 3 203824154 108 203896090
"486" "S_204535037" NA 3 204535037 109 204606973
"487" "S_205012275" NA 3 205012275 110 205084211
"488" "S_205693000" NA 3 205693000 111 205768115
"489" "S_206424597" NA 3 206424597 112 206502343
"490" "S_207156193" NA 3 207156193 113 207235280
"491" "S_207887790" NA 3 207887790 114 207966877
"492" "S_208570183" NA 3 208570183 115 208649270
"493" "S_209055762" NA 3 209055762 116 209137260
"494" "S_209541341" NA 3 209541341 117 209622639
"495" "S_210253465" NA 3 210253465 118 210334763
"496" "S_211116619" NA 3 211116619 119 211197917
"497" "S_211960712" NA 3 211960712 120 NA
"498" "S_212760329" NA 3 212760329 121 212841627
"499" "S_213559947" NA 3 213559947 122 213641245
"500" "S_214320926" NA 3 214320926 123 214402224
"501" "S_214734161" NA 3 214734161 124 214815459
"502" "S_215147397" NA 3 215147397 125 215228695
"503" "S_215560633" NA 3 215560633 126 215641931
"504" "S_216093032" NA 3 216093032 127 216174330
"505" "S_216847626" NA 3 216847626 128 216928924
"506" "S_217455785" NA 3 217455785 129 217536783
"507" "S_217627145" NA 3 217627145 130 217708143
"508" "S_217908124" NA 3 217908124 131 217989122
"509" "S_218898830" NA 3 218898830 132 218980685
"510" "S_219398201" NA 3 219398201 133 219482386
"511" "S_219913379" NA 3 219913379 134 219997564
"512" "S_220452270" NA 3 220452270 135 220536355
"513" "S_221525463" NA 3 221525463 136 221609548
"514" "S_221972499" NA 3 221972499 137 222056584
"515" "S_222419536" NA 3 222419536 138 222503621
"516" "S_222866572" NA 3 222866572 139 222951861
"517" "S_223310404" NA 3 223310404 140 223397162
"518" "S_223746761" NA 3 223746761 141 223833519
"519" "S_224183117" NA 3 224183117 142 224269875
"520" "S_224619474" NA 3 224619474 143 224706232
"521" "S_225055830" NA 3 225055830 144 225142001
"522" "S_225454289" NA 3 225454289 145 225540360
"523" "S_225891325" NA 3 225891325 146 225979122
"524" "S_226513691" NA 3 226513691 147 226601488
"525" "S_227136056" NA 3 227136056 148 227223853
"526" "S_227758422" NA 3 227758422 149 227846219
"527" "S_228380787" NA 3 228380787 150 228468584
"528" "S_229003153" NA 3 229003153 151 229090950
"529" "S_229494561" NA 3 229494561 152 229582358
"530" "S_229898665" NA 3 229898665 153 229986462
"531" "S_230393146" NA 3 230393146 154 230480943
"532" "S_230994755" NA 3 230994755 155 231082552
"533" "S_231492611" NA 3 231492611 156 231580408
"534" "S_231990466" NA 3 231990466 157 232078263
"535" "S_232488322" NA 3 232488322 158 NA
"536" "S_585844" NA 4 585844 -3 585845
"537" "S_920764" NA 4 920764 -2 922343
"538" "S_1255685" NA 4 1255685 -1 1260546
"539" "S_1491018" NA 4 1491018 0 1495879
"540" "S_1741937" NA 4 1741937 1 1746198
"541" "S_1992857" NA 4 1992857 2 1997118
"542" "S_2243776" NA 4 2243776 3 2248037
"543" "S_2494695" NA 4 2494695 4 2498956
"544" "S_2745614" NA 4 2745614 5 2750143
"545" "S_2996533" NA 4 2996533 6 3001062
"546" "S_3181785" NA 4 3181785 7 3186314
"547" "S_3350620" NA 4 3350620 8 3355149
"548" "S_3519456" NA 4 3519456 9 3523985
"549" "S_3688291" NA 4 3688291 10 3692820
"550" "S_3857126" NA 4 3857126 11 3861655
"551" "S_4112221" NA 4 4112221 12 4116750
"552" "S_4388881" NA 4 4388881 13 4393410
"553" "S_4665541" NA 4 4665541 14 4670070
"554" "S_4942201" NA 4 4942201 15 4946464
"555" "S_5218861" NA 4 5218861 16 5223598
"556" "S_5495521" NA 4 5495521 17 5500258
"557" "S_5772181" NA 4 5772181 18 5776918
"558" "S_6048841" NA 4 6048841 19 6053578
"559" "S_6325501" NA 4 6325501 20 6330238
"560" "S_6601333" NA 4 6601333 21 6606070
"561" "S_7411210" NA 4 7411210 22 7415646
"562" "S_8221087" NA 4 8221087 23 8225523
"563" "S_9030965" NA 4 9030965 24 9035105
"564" "S_9788439" NA 4 9788439 25 9795496
"565" "S_10074294" NA 4 10074294 26 10081351
"566" "S_10360149" NA 4 10360149 27 10367206
"567" "S_10646004" NA 4 10646004 28 10653061
"568" "S_10931859" NA 4 10931859 29 10938916
"569" "S_11217714" NA 4 11217714 30 11232124
"570" "S_11485084" NA 4 11485084 31 11499494
"571" "S_11724726" NA 4 11724726 32 11739136
"572" "S_12660242" NA 4 12660242 33 12674652
"573" "S_13167737" NA 4 13167737 34 13181947
"574" "S_13675231" NA 4 13675231 35 13693420
"575" "S_14182725" NA 4 14182725 36 14200714
"576" "S_14690220" NA 4 14690220 37 14712912
"577" "S_15197714" NA 4 15197714 38 15220406
"578" "S_16653622" NA 4 16653622 39 16676314
"579" "S_17822823" NA 4 17822823 40 17845515
"580" "S_18642818" NA 4 18642818 41 18665510
"581" "S_19462813" NA 4 19462813 42 19485505
"582" "S_20316931" NA 4 20316931 43 20339623
"583" "S_21478165" NA 4 21478165 44 21500757
"584" "S_22639398" NA 4 22639398 45 22661990
"585" "S_23800632" NA 4 23800632 46 23826790
"586" "S_25455414" NA 4 25455414 47 25482049
"587" "S_28004561" NA 4 28004561 48 28033282
"588" "S_30247943" NA 4 30247943 49 30277482
"589" "S_32042942" NA 4 32042942 50 32072159
"590" "S_33837942" NA 4 33837942 51 33868727
"591" "S_36356063" NA 4 36356063 52 36389178
"592" "S_39862418" NA 4 39862418 53 39894821
"593" "S_48241786" NA 4 48241786 54 48269159
"594" "S_65820374" NA 4 65820374 55 65846506
"595" "S_79448096" NA 4 79448096 56 79474609
"596" "S_103600817" NA 4 103600817 57 NA
"597" "S_135727494" NA 4 135727494 58 135754875
"598" "S_141422921" NA 4 141422921 59 141450302
"599" "S_145865426" NA 4 145865426 60 145892707
"600" "S_150464488" NA 4 150464488 61 150491669
"601" "S_151860242" NA 4 151860242 62 151887423
"602" "S_153255997" NA 4 153255997 63 153283178
"603" "S_154651751" NA 4 154651751 64 154678932
"604" "S_155989091" NA 4 155989091 65 156016272
"605" "S_156800705" NA 4 156800705 66 156828474
"606" "S_157612318" NA 4 157612318 67 157639987
"607" "S_158423931" NA 4 158423931 68 158450800
"608" "S_159358250" NA 4 159358250 69 159385019
"609" "S_160783392" NA 4 160783392 70 160811247
"610" "S_162208534" NA 4 162208534 71 162239511
"611" "S_163633676" NA 4 163633676 72 163664253
"612" "S_165058818" NA 4 165058818 73 165088695
"613" "S_166483960" NA 4 166483960 74 166513837
"614" "S_167128403" NA 4 167128403 75 167158280
"615" "S_169852350" NA 4 169852350 76 169882127
"616" "S_171090520" NA 4 171090520 77 171119997
"617" "S_171689340" NA 4 171689340 78 171718817
"618" "S_172210143" NA 4 172210143 79 172239620
"619" "S_172797675" NA 4 172797675 80 172827152
"620" "S_173367879" NA 4 173367879 81 173397256
"621" "S_173983321" NA 4 173983321 82 174012834
"622" "S_174598763" NA 4 174598763 83 174628276
"623" "S_175214205" NA 4 175214205 84 175243618
"624" "S_176002564" NA 4 176002564 85 176032272
"625" "S_176834152" NA 4 176834152 86 176863660
"626" "S_177665741" NA 4 177665741 87 177695149
"627" "S_178497329" NA 4 178497329 88 178528160
"628" "S_178754494" NA 4 178754494 89 178785325
"629" "S_179157171" NA 4 179157171 90 179188002
"630" "S_180048300" NA 4 180048300 91 180078831
"631" "S_181004275" NA 4 181004275 92 181034806
"632" "S_181794523" NA 4 181794523 93 181827496
"633" "S_182500311" NA 4 182500311 94 182673053
"634" "S_183206099" NA 4 183206099 95 183378841
"635" "S_183911887" NA 4 183911887 96 184084529
"636" "S_184738069" NA 4 184738069 97 184911590
"637" "S_185684080" NA 4 185684080 98 185859579
"638" "S_186217067" NA 4 186217067 99 186392566
"639" "S_187028688" NA 4 187028688 100 187203791
"640" "S_187910369" NA 4 187910369 101 188085472
"641" "S_189171818" NA 4 189171818 102 189348645
"642" "S_190469635" NA 4 190469635 103 190647677
"643" "S_191767453" NA 4 191767453 104 191945395
"644" "S_194193960" NA 4 194193960 105 194371902
"645" "S_197072849" NA 4 197072849 106 197250791
"646" "S_199430811" NA 4 199430811 107 199608653
"647" "S_202706330" NA 4 202706330 108 202884172
"648" "S_206850914" NA 4 206850914 109 207026012
"649" "S_211866248" NA 4 211866248 110 212398839
"650" "S_216225151" NA 4 216225151 111 216758436
"651" "S_222735411" NA 4 222735411 112 223275660
"652" "S_225665119" NA 4 225665119 113 226203464
"653" "S_228594826" NA 4 228594826 114 229132786
"654" "S_230077929" NA 4 230077929 115 230615789
"655" "S_230791776" NA 4 230791776 116 231329636
"656" "S_231460334" NA 4 231460334 117 231998194
"657" "S_233038878" NA 4 233038878 118 233577221
"658" "S_233901225" NA 4 233901225 119 234440459
"659" "S_234182263" NA 4 234182263 120 234721497
"660" "S_234463302" NA 4 234463302 121 235002536
"661" "S_234744340" NA 4 234744340 122 235284151
"662" "S_235025379" NA 4 235025379 123 235565190
"663" "S_235362882" NA 4 235362882 124 NA
"664" "S_235756688" NA 4 235756688 125 236300523
"665" "S_236135819" NA 4 236135819 126 236679654
"666" "S_236382875" NA 4 236382875 127 236926710
"667" "S_236627849" NA 4 236627849 128 237171684
"668" "S_236881185" NA 4 236881185 129 237425020
"669" "S_237138204" NA 4 237138204 130 237681839
"670" "S_237395222" NA 4 237395222 131 237938857
"671" "S_237652241" NA 4 237652241 132 238195876
"672" "S_237909259" NA 4 237909259 133 238452894
"673" "S_238166278" NA 4 238166278 134 238709913
"674" "S_238380719" NA 4 238380719 135 238924354
"675" "S_238638674" NA 4 238638674 136 239182309
"676" "S_239057701" NA 4 239057701 137 239601336
"677" "S_239252139" NA 4 239252139 138 239799038
"678" "S_239398791" NA 4 239398791 139 239945690
"679" "S_239492172" NA 4 239492172 140 240039071
"680" "S_239740517" NA 4 239740517 141 240287416
"681" "S_240006080" NA 4 240006080 142 240552979
"682" "S_240271643" NA 4 240271643 143 240818542
"683" "S_240537206" NA 4 240537206 144 241092378
"684" "S_240802769" NA 4 240802769 145 241357941
"685" "S_241068332" NA 4 241068332 146 241623504
"686" "S_241333895" NA 4 241333895 147 241890366
"687" "S_241599458" NA 4 241599458 148 NA
"688" "S_417591" NA 5 417591 -2 417975
"689" "S_656148" NA 5 656148 -1 656532
"690" "S_1195364" NA 5 1195364 0 1195748
"691" "S_1565307" NA 5 1565307 1 1565591
"692" "S_1935250" NA 5 1935250 2 1935534
"693" "S_2199617" NA 5 2199617 3 2199901
"694" "S_2358408" NA 5 2358408 4 2358692
"695" "S_2517200" NA 5 2517200 5 2517484
"696" "S_2675992" NA 5 2675992 6 2676276
"697" "S_2871148" NA 5 2871148 7 2871432
"698" "S_3075396" NA 5 3075396 8 3075680
"699" "S_3366862" NA 5 3366862 9 3367146
"700" "S_3566466" NA 5 3566466 10 3566750
"701" "S_3842376" NA 5 3842376 11 3842660
"702" "S_4118287" NA 5 4118287 12 4118571
"703" "S_4338450" NA 5 4338450 13 4339036
"704" "S_4534722" NA 5 4534722 14 4535308
"705" "S_4730993" NA 5 4730993 15 4731579
"706" "S_4927265" NA 5 4927265 16 4927851
"707" "S_5123536" NA 5 5123536 17 5124122
"708" "S_5319808" NA 5 5319808 18 5320394
"709" "S_5516080" NA 5 5516080 19 5522048
"710" "S_5712351" NA 5 5712351 20 5718319
"711" "S_5908623" NA 5 5908623 21 5914591
"712" "S_6182303" NA 5 6182303 22 6188271
"713" "S_6464584" NA 5 6464584 23 6470552
"714" "S_6746866" NA 5 6746866 24 6752834
"715" "S_7125684" NA 5 7125684 25 7133675
"716" "S_7212678" NA 5 7212678 26 7220669
"717" "S_7406648" NA 5 7406648 27 7414639
"718" "S_7680011" NA 5 7680011 28 7688002
"719" "S_7934984" NA 5 7934984 29 7946043
"720" "S_9415721" NA 5 9415721 30 9426180
"721" "S_9846124" NA 5 9846124 31 9856583
"722" "S_10276528" NA 5 10276528 32 10286987
"723" "S_10706932" NA 5 10706932 33 10717391
"724" "S_11137335" NA 5 11137335 34 11147794
"725" "S_11567739" NA 5 11567739 35 11579237
"726" "S_11873332" NA 5 11873332 36 11884830
"727" "S_12084880" NA 5 12084880 37 12096378
"728" "S_12552535" NA 5 12552535 38 12564033
"729" "S_13020190" NA 5 13020190 39 13031588
"730" "S_13487845" NA 5 13487845 40 13499143
"731" "S_13862817" NA 5 13862817 41 13874653
"732" "S_14180163" NA 5 14180163 42 14194636
"733" "S_14579312" NA 5 14579312 43 14596267
"734" "S_14978460" NA 5 14978460 44 14995415
"735" "S_15581585" NA 5 15581585 45 15598540
"736" "S_16320696" NA 5 16320696 46 16340168
"737" "S_17334603" NA 5 17334603 47 NA
"738" "S_18348509" NA 5 18348509 48 18369891
"739" "S_19376928" NA 5 19376928 49 19398310
"740" "S_20539042" NA 5 20539042 50 20560324
"741" "S_22045376" NA 5 22045376 51 22066658
"742" "S_22807829" NA 5 22807829 52 22828709
"743" "S_24668030" NA 5 24668030 53 24688056
"744" "S_27564476" NA 5 27564476 54 27584402
"745" "S_30460922" NA 5 30460922 55 30480764
"746" "S_31890893" NA 5 31890893 56 31910735
"747" "S_35276907" NA 5 35276907 57 35298418
"748" "S_42111986" NA 5 42111986 58 42140174
"749" "S_46977913" NA 5 46977913 59 47006709
"750" "S_51851649" NA 5 51851649 60 51880899
"751" "S_56737096" NA 5 56737096 61 56765546
"752" "S_60002766" NA 5 60002766 62 60031116
"753" "S_64116507" NA 5 64116507 63 64144457
"754" "S_69119630" NA 5 69119630 64 69148332
"755" "S_73132746" NA 5 73132746 65 73162825
"756" "S_76634666" NA 5 76634666 66 76667224
"757" "S_81355643" NA 5 81355643 67 81392188
"758" "S_86151625" NA 5 86151625 68 86189235
"759" "S_112928392" NA 5 112928392 69 112964542
"760" "S_133824940" NA 5 133824940 70 133863587
"761" "S_143462909" NA 5 143462909 71 143502315
"762" "S_149073745" NA 5 149073745 72 149112767
"763" "S_155482552" NA 5 155482552 73 155521975
"764" "S_159713801" NA 5 159713801 74 159752663
"765" "S_162140030" NA 5 162140030 75 162178605
"766" "S_164883453" NA 5 164883453 76 164923743
"767" "S_166441591" NA 5 166441591 77 166482353
"768" "S_167707665" NA 5 167707665 78 167748141
"769" "S_168874630" NA 5 168874630 79 168915106
"770" "S_169975064" NA 5 169975064 80 170018064
"771" "S_170731012" NA 5 170731012 81 170774012
"772" "S_171780740" NA 5 171780740 82 171823740
"773" "S_172937146" NA 5 172937146 83 172980046
"774" "S_174210131" NA 5 174210131 84 174255456
"775" "S_175122182" NA 5 175122182 85 175167407
"776" "S_176034232" NA 5 176034232 86 176080909
"777" "S_177472738" NA 5 177472738 87 177518776
"778" "S_179038786" NA 5 179038786 88 179084645
"779" "S_180456785" NA 5 180456785 89 180506133
"780" "S_182760980" NA 5 182760980 90 182811540
"781" "S_183693045" NA 5 183693045 91 183743281
"782" "S_184543788" NA 5 184543788 92 184594024
"783" "S_185394531" NA 5 185394531 93 185444767
"784" "S_186245274" NA 5 186245274 94 186295510
"785" "S_187096017" NA 5 187096017 95 NA
"786" "S_187946760" NA 5 187946760 96 187996996
"787" "S_188797502" NA 5 188797502 97 188847738
"788" "S_190057424" NA 5 190057424 98 190108711
"789" "S_191253032" NA 5 191253032 99 191305952
"790" "S_192052481" NA 5 192052481 100 192105401
"791" "S_193858782" NA 5 193858782 101 193911702
"792" "S_195136880" NA 5 195136880 102 195189500
"793" "S_196414978" NA 5 196414978 103 196466747
"794" "S_197693076" NA 5 197693076 104 197744845
"795" "S_198971173" NA 5 198971173 105 199020431
"796" "S_200552003" NA 5 200552003 106 200607969
"797" "S_201171584" NA 5 201171584 107 201227752
"798" "S_201993308" NA 5 201993308 108 202049476
"799" "S_202942283" NA 5 202942283 109 202998451
"800" "S_203786155" NA 5 203786155 110 203842323
"801" "S_204322970" NA 5 204322970 111 204377241
"802" "S_204541128" NA 5 204541128 112 204595399
"803" "S_204759286" NA 5 204759286 113 204816182
"804" "S_205258663" NA 5 205258663 114 205315559
"805" "S_205578599" NA 5 205578599 115 205635495
"806" "S_205878627" NA 5 205878627 116 205935523
"807" "S_206178655" NA 5 206178655 117 206235551
"808" "S_206478683" NA 5 206478683 118 206535579
"809" "S_206778711" NA 5 206778711 119 206828725
"810" "S_207078738" NA 5 207078738 120 207128652
"811" "S_207378766" NA 5 207378766 121 207428680
"812" "S_207678794" NA 5 207678794 122 207728708
"813" "S_207989594" NA 5 207989594 123 208037335
"814" "S_208297027" NA 5 208297027 124 208345800
"815" "S_208614052" NA 5 208614052 125 208662825
"816" "S_209448391" NA 5 209448391 126 209497064
"817" "S_209904056" NA 5 209904056 127 209952729
"818" "S_210180944" NA 5 210180944 128 210230280
"819" "S_210457832" NA 5 210457832 129 210507168
"820" "S_210734720" NA 5 210734720 130 210784056
"821" "S_211011608" NA 5 211011608 131 211060944
"822" "S_211274389" NA 5 211274389 132 211323725
"823" "S_211516009" NA 5 211516009 133 211565345
"824" "S_211757628" NA 5 211757628 134 211806310
"825" "S_211999248" NA 5 211999248 135 212047930
"826" "S_212240868" NA 5 212240868 136 212289550
"827" "S_212682814" NA 5 212682814 137 212731496
"828" "S_212903151" NA 5 212903151 138 212951833
"829" "S_213123489" NA 5 213123489 139 213172171
"830" "S_213343826" NA 5 213343826 140 213392508
"831" "S_213564164" NA 5 213564164 141 213612846
"832" "S_213784501" NA 5 213784501 142 213833183
"833" "S_214004839" NA 5 214004839 143 214053521
"834" "S_214225176" NA 5 214225176 144 214273858
"835" "S_214445514" NA 5 214445514 145 214494196
"836" "S_214665851" NA 5 214665851 146 214714533
"837" "S_214886189" NA 5 214886189 147 214934871
"838" "S_215106526" NA 5 215106526 148 215155208
"839" "S_215326864" NA 5 215326864 149 215375546
"840" "S_215547201" NA 5 215547201 150 215595883
"841" "S_215767539" NA 5 215767539 151 215817993
"842" "S_216259952" NA 5 216259952 152 216312098
"843" "S_217567589" NA 5 217567589 153 217623189
"844" "S_217886644" NA 5 217886644 154 NA
"845" "S_9498146" NA 6 9498146 -1 9500935
"846" "S_12461559" NA 6 12461559 0 12451407
"847" "S_15424972" NA 6 15424972 1 15425128
"848" "S_18388385" NA 6 18388385 2 18388541
"849" "S_21351799" NA 6 21351799 3 21351313
"850" "S_24315212" NA 6 24315212 4 24314726
"851" "S_28011906" NA 6 28011906 5 28011292
"852" "S_32190999" NA 6 32190999 6 32191110
"853" "S_37478467" NA 6 37478467 7 37478478
"854" "S_60362648" NA 6 60362648 8 60521849
"855" "S_70855167" NA 6 70855167 9 71016059
"856" "S_79486332" NA 6 79486332 10 NA
"857" "S_83748727" NA 6 83748727 11 83912460
"858" "S_86027433" NA 6 86027433 12 86191166
"859" "S_87330615" NA 6 87330615 13 87493877
"860" "S_88522572" NA 6 88522572 14 88685448
"861" "S_89714530" NA 6 89714530 15 89877112
"862" "S_90906487" NA 6 90906487 16 91069738
"863" "S_92098444" NA 6 92098444 17 92261695
"864" "S_93293152" NA 6 93293152 18 93456203
"865" "S_94038894" NA 6 94038894 19 94201945
"866" "S_94784635" NA 6 94784635 20 94947686
"867" "S_95530376" NA 6 95530376 21 95693427
"868" "S_96679709" NA 6 96679709 22 96844528
"869" "S_97873886" NA 6 97873886 23 98037619
"870" "S_99068063" NA 6 99068063 24 99231696
"871" "S_100262240" NA 6 100262240 25 100426352
"872" "S_101456417" NA 6 101456417 26 101620429
"873" "S_102503183" NA 6 102503183 27 102667195
"874" "S_103320005" NA 6 103320005 28 103484017
"875" "S_104976137" NA 6 104976137 29 105144584
"876" "S_106632270" NA 6 106632270 30 106803284
"877" "S_108288402" NA 6 108288402 31 108460968
"878" "S_109944535" NA 6 109944535 32 110118107
"879" "S_110849875" NA 6 110849875 33 111024896
"880" "S_111254686" NA 6 111254686 34 111429707
"881" "S_111659498" NA 6 111659498 35 111834319
"882" "S_112064309" NA 6 112064309 36 112242964
"883" "S_112469120" NA 6 112469120 37 112647775
"884" "S_112873932" NA 6 112873932 38 113054310
"885" "S_113278743" NA 6 113278743 39 113459121
"886" "S_113683554" NA 6 113683554 40 113863932
"887" "S_116710657" NA 6 116710657 41 116893489
"888" "S_117785265" NA 6 117785265 42 117968097
"889" "S_119211405" NA 6 119211405 43 119394237
"890" "S_121770980" NA 6 121770980 44 121953812
"891" "S_124311357" NA 6 124311357 45 124494170
"892" "S_126805941" NA 6 126805941 46 126988901
"893" "S_129703454" NA 6 129703454 47 129886414
"894" "S_130430562" NA 6 130430562 48 130614802
"895" "S_131157670" NA 6 131157670 49 131341910
"896" "S_132463856" NA 6 132463856 50 132647996
"897" "S_133795910" NA 6 133795910 51 133980050
"898" "S_136720220" NA 6 136720220 52 136907365
"899" "S_138931531" NA 6 138931531 53 139120583
"900" "S_141376015" NA 6 141376015 54 141567290
"901" "S_143075137" NA 6 143075137 55 143266312
"902" "S_145047372" NA 6 145047372 56 145239424
"903" "S_146170131" NA 6 146170131 57 146362481
"904" "S_147055112" NA 6 147055112 58 147247462
"905" "S_147913712" NA 6 147913712 59 148107670
"906" "S_148428431" NA 6 148428431 60 148622389
"907" "S_149209155" NA 6 149209155 61 149403113
"908" "S_149820632" NA 6 149820632 62 150014590
"909" "S_150432110" NA 6 150432110 63 150626068
"910" "S_151043588" NA 6 151043588 64 151237446
"911" "S_151655065" NA 6 151655065 65 151848923
"912" "S_152266543" NA 6 152266543 66 152460401
"913" "S_152878021" NA 6 152878021 67 153071879
"914" "S_153489498" NA 6 153489498 68 153683356
"915" "S_154100976" NA 6 154100976 69 154295455
"916" "S_154623250" NA 6 154623250 70 154817729
"917" "S_155086056" NA 6 155086056 71 155280535
"918" "S_155548862" NA 6 155548862 72 155743341
"919" "S_156011668" NA 6 156011668 73 156206147
"920" "S_156474474" NA 6 156474474 74 156668953
"921" "S_156723111" NA 6 156723111 75 156917590
"922" "S_157374736" NA 6 157374736 76 157569215
"923" "S_158026362" NA 6 158026362 77 158221885
"924" "S_158533446" NA 6 158533446 78 158728969
"925" "S_158823719" NA 6 158823719 79 159019242
"926" "S_159113991" NA 6 159113991 80 159309514
"927" "S_159404264" NA 6 159404264 81 159599787
"928" "S_159694537" NA 6 159694537 82 159890060
"929" "S_159984809" NA 6 159984809 83 160180332
"930" "S_160275082" NA 6 160275082 84 160470605
"931" "S_160565354" NA 6 160565354 85 160760877
"932" "S_161589064" NA 6 161589064 86 161785100
"933" "S_161793121" NA 6 161793121 87 161989157
"934" "S_161997177" NA 6 161997177 88 162193213
"935" "S_162201234" NA 6 162201234 89 162397270
"936" "S_162405290" NA 6 162405290 90 162601890
"937" "S_162609347" NA 6 162609347 91 162805947
"938" "S_162813403" NA 6 162813403 92 163010003
"939" "S_163017460" NA 6 163017460 93 163214060
"940" "S_163513429" NA 6 163513429 94 163713555
"941" "S_163899065" NA 6 163899065 95 164099191
"942" "S_164209118" NA 6 164209118 96 164409244
"943" "S_164429664" NA 6 164429664 97 164629790
"944" "S_164583618" NA 6 164583618 98 164783744
"945" "S_164737573" NA 6 164737573 99 164937699
"946" "S_164891527" NA 6 164891527 100 165091653
"947" "S_165195245" NA 6 165195245 101 165395371
"948" "S_165498963" NA 6 165498963 102 165699089
"949" "S_165802681" NA 6 165802681 103 166003121
"950" "S_166106398" NA 6 166106398 104 166306838
"951" "S_166410116" NA 6 166410116 105 166610556
"952" "S_166702779" NA 6 166702779 106 166903219
"953" "S_166978857" NA 6 166978857 107 167179297
"954" "S_168194569" NA 6 168194569 108 168401973
"955" "S_169073648" NA 6 169073648 109 169281052
"956" "S_169398019" NA 6 169398019 110 NA
"957" "S_775637" NA 7 775637 -1 775538
"958" "S_1033791" NA 7 1033791 0 1033692
"959" "S_1291946" NA 7 1291946 1 1295324
"960" "S_1550100" NA 7 1550100 2 1553478
"961" "S_1808255" NA 7 1808255 3 1811633
"962" "S_2066409" NA 7 2066409 4 2069787
"963" "S_2324564" NA 7 2324564 5 2327842
"964" "S_2582718" NA 7 2582718 6 2585996
"965" "S_2752509" NA 7 2752509 7 2755787
"966" "S_2922299" NA 7 2922299 8 2925577
"967" "S_3092090" NA 7 3092090 9 3095368
"968" "S_3261881" NA 7 3261881 10 3265159
"969" "S_3431672" NA 7 3431672 11 3434950
"970" "S_3601462" NA 7 3601462 12 3604740
"971" "S_3771253" NA 7 3771253 13 3774531
"972" "S_3941044" NA 7 3941044 14 3945293
"973" "S_4110835" NA 7 4110835 15 4115719
"974" "S_4280625" NA 7 4280625 16 4285509
"975" "S_4450416" NA 7 4450416 17 4455300
"976" "S_4620207" NA 7 4620207 18 4625091
"977" "S_4789998" NA 7 4789998 19 4794882
"978" "S_4959788" NA 7 4959788 20 4965515
"979" "S_5138723" NA 7 5138723 21 5143668
"980" "S_5354234" NA 7 5354234 22 5359179
"981" "S_5569745" NA 7 5569745 23 5574690
"982" "S_5785257" NA 7 5785257 24 5790202
"983" "S_6000768" NA 7 6000768 25 6005713
"984" "S_6223702" NA 7 6223702 26 6228647
"985" "S_6449819" NA 7 6449819 27 6454764
"986" "S_6886392" NA 7 6886392 28 6891337
"987" "S_7463270" NA 7 7463270 29 7468215
"988" "S_8040148" NA 7 8040148 30 8045093
"989" "S_8617027" NA 7 8617027 31 8621972
"990" "S_9193905" NA 7 9193905 32 9199072
"991" "S_9770783" NA 7 9770783 33 9775950
"992" "S_10347662" NA 7 10347662 34 10352829
"993" "S_10924540" NA 7 10924540 35 10929707
"994" "S_11501418" NA 7 11501418 36 11506585
"995" "S_12078296" NA 7 12078296 37 12083463
"996" "S_12655175" NA 7 12655175 38 12663014
"997" "S_13283013" NA 7 13283013 39 13290852
"998" "S_14369495" NA 7 14369495 40 14378330
"999" "S_15455978" NA 7 15455978 41 15466972
"1000" "S_16542460" NA 7 16542460 42 16553454
"1001" "S_17860961" NA 7 17860961 43 17871955
"1002" "S_20729665" NA 7 20729665 44 20740659
"1003" "S_22881650" NA 7 22881650 45 22894720
"1004" "S_27214588" NA 7 27214588 46 27230304
"1005" "S_31409497" NA 7 31409497 47 31421744
"1006" "S_41228241" NA 7 41228241 48 41243071
"1007" "S_97341181" NA 7 97341181 49 97368366
"1008" "S_105455622" NA 7 105455622 50 105483700
"1009" "S_108353941" NA 7 108353941 51 108382019
"1010" "S_110353424" NA 7 110353424 52 110381102
"1011" "S_112352907" NA 7 112352907 53 112381161
"1012" "S_114352389" NA 7 114352389 54 114380443
"1013" "S_116351872" NA 7 116351872 55 116379826
"1014" "S_118351355" NA 7 118351355 56 118384402
"1015" "S_120350838" NA 7 120350838 57 120383885
"1016" "S_122350320" NA 7 122350320 58 122385132
"1017" "S_124349803" NA 7 124349803 59 124384980
"1018" "S_126349286" NA 7 126349286 60 126384363
"1019" "S_127557511" NA 7 127557511 61 127592488
"1020" "S_128238230" NA 7 128238230 62 128273107
"1021" "S_129598959" NA 7 129598959 63 129631418
"1022" "S_130396739" NA 7 130396739 64 130429598
"1023" "S_131168230" NA 7 131168230 65 131200989
"1024" "S_131939721" NA 7 131939721 66 131972480
"1025" "S_132711212" NA 7 132711212 67 132743971
"1026" "S_133482703" NA 7 133482703 68 133515462
"1027" "S_134388693" NA 7 134388693 69 134421452
"1028" "S_135637466" NA 7 135637466 70 135671936
"1029" "S_137555430" NA 7 137555430 71 137592154
"1030" "S_140013706" NA 7 140013706 72 140050430
"1031" "S_141250235" NA 7 141250235 73 141286859
"1032" "S_142429440" NA 7 142429440 74 142465589
"1033" "S_143113614" NA 7 143113614 75 143149763
"1034" "S_144129993" NA 7 144129993 76 144166142
"1035" "S_145184694" NA 7 145184694 77 145220843
"1036" "S_146239395" NA 7 146239395 78 146275544
"1037" "S_147294097" NA 7 147294097 79 147331087
"1038" "S_148348798" NA 7 148348798 80 NA
"1039" "S_149661947" NA 7 149661947 81 149698637
"1040" "S_150676374" NA 7 150676374 82 150713064
"1041" "S_151690802" NA 7 151690802 83 151727492
"1042" "S_152705229" NA 7 152705229 84 152742060
"1043" "S_153719657" NA 7 153719657 85 153759308
"1044" "S_154734084" NA 7 154734084 86 154773225
"1045" "S_155748512" NA 7 155748512 87 155787653
"1046" "S_156762939" NA 7 156762939 88 156801270
"1047" "S_157485938" NA 7 157485938 89 157524269
"1048" "S_158014651" NA 7 158014651 90 158052982
"1049" "S_158543364" NA 7 158543364 91 158581695
"1050" "S_159072078" NA 7 159072078 92 159110409
"1051" "S_159600791" NA 7 159600791 93 159639122
"1052" "S_160129503" NA 7 160129503 94 160169069
"1053" "S_160624665" NA 7 160624665 95 160664231
"1054" "S_161111438" NA 7 161111438 96 161151004
"1055" "S_161598212" NA 7 161598212 97 161637778
"1056" "S_162084986" NA 7 162084986 98 162124452
"1057" "S_162571759" NA 7 162571759 99 162611225
"1058" "S_163058533" NA 7 163058533 100 163097999
"1059" "S_163545306" NA 7 163545306 101 163584772
"1060" "S_164032080" NA 7 164032080 102 164071546
"1061" "S_164518854" NA 7 164518854 103 164558320
"1062" "S_165005627" NA 7 165005627 104 165045093
"1063" "S_165428274" NA 7 165428274 105 165467740
"1064" "S_165834889" NA 7 165834889 106 165874355
"1065" "S_166241504" NA 7 166241504 107 166280870
"1066" "S_166648119" NA 7 166648119 108 166687485
"1067" "S_167054734" NA 7 167054734 109 167094100
"1068" "S_167441953" NA 7 167441953 110 167481319
"1069" "S_167778103" NA 7 167778103 111 167817469
"1070" "S_168154619" NA 7 168154619 112 168194672
"1071" "S_168457652" NA 7 168457652 113 168497705
"1072" "S_168877598" NA 7 168877598 114 168917651
"1073" "S_169496703" NA 7 169496703 115 169537830
"1074" "S_170166107" NA 7 170166107 116 170207234
"1075" "S_170700631" NA 7 170700631 117 170741758
"1076" "S_170922349" NA 7 170922349 118 170963476
"1077" "S_171144066" NA 7 171144066 119 171185193
"1078" "S_171724020" NA 7 171724020 120 171765147
"1079" "S_171945296" NA 7 171945296 121 171986423
"1080" "S_172179822" NA 7 172179822 122 172220949
"1081" "S_172414349" NA 7 172414349 123 172455775
"1082" "S_172648875" NA 7 172648875 124 172690301
"1083" "S_172883402" NA 7 172883402 125 172924828
"1084" "S_173117928" NA 7 173117928 126 173159354
"1085" "S_173352454" NA 7 173352454 127 173393880
"1086" "S_173586981" NA 7 173586981 128 173628407
"1087" "S_173821507" NA 7 173821507 129 173864474
"1088" "S_174056034" NA 7 174056034 130 174099001
"1089" "S_174290560" NA 7 174290560 131 174333527
"1090" "S_174525087" NA 7 174525087 132 174570325
"1091" "S_174759613" NA 7 174759613 133 174804851
"1092" "S_175743551" NA 7 175743551 134 175789043
"1093" "S_176090777" NA 7 176090777 135 176136269
"1094" "S_176438004" NA 7 176438004 136 176483496
"1095" "S_176785230" NA 7 176785230 137 NA
"1096" "S_578045" NA 8 578045 0 578046
"1097" "S_986953" NA 8 986953 1 986954
"1098" "S_1395860" NA 8 1395860 2 1395761
"1099" "S_1804768" NA 8 1804768 3 1804569
"1100" "S_2213676" NA 8 2213676 4 2213477
"1101" "S_2622584" NA 8 2622584 5 2622385
"1102" "S_3031491" NA 8 3031491 6 3031758
"1103" "S_3440399" NA 8 3440399 7 3440666
"1104" "S_3849307" NA 8 3849307 8 3849574
"1105" "S_4206482" NA 8 4206482 9 4207223
"1106" "S_4383913" NA 8 4383913 10 4384654
"1107" "S_4588532" NA 8 4588532 11 4589273
"1108" "S_4793151" NA 8 4793151 12 4793892
"1109" "S_4997769" NA 8 4997769 13 4998510
"1110" "S_5206439" NA 8 5206439 14 5207180
"1111" "S_5431316" NA 8 5431316 15 5431857
"1112" "S_5656193" NA 8 5656193 16 5656734
"1113" "S_6413406" NA 8 6413406 17 6413847
"1114" "S_7078007" NA 8 7078007 18 7078448
"1115" "S_7609676" NA 8 7609676 19 7610117
"1116" "S_8165546" NA 8 8165546 20 8165987
"1117" "S_8585413" NA 8 8585413 21 8585754
"1118" "S_8957161" NA 8 8957161 22 8957502
"1119" "S_9328910" NA 8 9328910 23 9329151
"1120" "S_9700659" NA 8 9700659 24 9700900
"1121" "S_10072407" NA 8 10072407 25 10072648
"1122" "S_10444156" NA 8 10444156 26 10444397
"1123" "S_10815905" NA 8 10815905 27 10816146
"1124" "S_11187653" NA 8 11187653 28 11187894
"1125" "S_11494760" NA 8 11494760 29 11497232
"1126" "S_11833498" NA 8 11833498 30 11835970
"1127" "S_12244787" NA 8 12244787 31 12247259
"1128" "S_12820504" NA 8 12820504 32 12822976
"1129" "S_13187626" NA 8 13187626 33 13190098
"1130" "S_13554748" NA 8 13554748 34 13557220
"1131" "S_13921869" NA 8 13921869 35 13924341
"1132" "S_14676689" NA 8 14676689 36 14679061
"1133" "S_15582995" NA 8 15582995 37 15585367
"1134" "S_16477414" NA 8 16477414 38 16479786
"1135" "S_17126754" NA 8 17126754 39 17129126
"1136" "S_17671060" NA 8 17671060 40 17673432
"1137" "S_18215366" NA 8 18215366 41 18217738
"1138" "S_18883790" NA 8 18883790 42 18886162
"1139" "S_19552213" NA 8 19552213 43 19556165
"1140" "S_20220637" NA 8 20220637 44 20225741
"1141" "S_20889060" NA 8 20889060 45 20894164
"1142" "S_21557484" NA 8 21557484 46 21562588
"1143" "S_22108635" NA 8 22108635 47 22113739
"1144" "S_22816640" NA 8 22816640 48 22821744
"1145" "S_23959232" NA 8 23959232 49 23964236
"1146" "S_30850229" NA 8 30850229 50 30855033
"1147" "S_46171086" NA 8 46171086 51 46177831
"1148" "S_70199463" NA 8 70199463 52 69715256
"1149" "S_75644645" NA 8 75644645 53 75162770
"1150" "S_85387785" NA 8 85387785 54 84908619
"1151" "S_91993060" NA 8 91993060 55 91503088
"1152" "S_98116975" NA 8 98116975 56 97628427
"1153" "S_102108063" NA 8 102108063 57 101619315
"1154" "S_105310861" NA 8 105310861 58 104836730
"1155" "S_108513660" NA 8 108513660 59 108039883
"1156" "S_111716456" NA 8 111716456 60 111242413
"1157" "S_115507348" NA 8 115507348 61 115034689
"1158" "S_117721776" NA 8 117721776 62 117249017
"1159" "S_119639110" NA 8 119639110 63 119166251
"1160" "S_121422879" NA 8 121422879 64 120950499
"1161" "S_123125077" NA 8 123125077 65 122654380
"1162" "S_124832147" NA 8 124832147 66 124362207
"1163" "S_130408047" NA 8 130408047 67 129940936
"1164" "S_132879659" NA 8 132879659 68 132412548
"1165" "S_136569503" NA 8 136569503 69 136104113
"1166" "S_139916747" NA 8 139916747 70 139450957
"1167" "S_142228337" NA 8 142228337 71 141762547
"1168" "S_143799750" NA 8 143799750 72 143334794
"1169" "S_145371163" NA 8 145371163 73 144906207
"1170" "S_146574795" NA 8 146574795 74 146109739
"1171" "S_147620807" NA 8 147620807 75 147158263
"1172" "S_148829868" NA 8 148829868 76 148364556
"1173" "S_150056248" NA 8 150056248 77 149591671
"1174" "S_151282629" NA 8 151282629 78 150818397
"1175" "S_152509010" NA 8 152509010 79 152047192
"1176" "S_154091598" NA 8 154091598 80 153629480
"1177" "S_156372834" NA 8 156372834 81 155912475
"1178" "S_157619152" NA 8 157619152 82 157159155
"1179" "S_158228751" NA 8 158228751 83 157768754
"1180" "S_158838349" NA 8 158838349 84 158378352
"1181" "S_159447948" NA 8 159447948 85 158990853
"1182" "S_160057546" NA 8 160057546 86 159600451
"1183" "S_160652056" NA 8 160652056 87 160201505
"1184" "S_161514221" NA 8 161514221 88 161063670
"1185" "S_162094374" NA 8 162094374 89 161643823
"1186" "S_162603575" NA 8 162603575 90 162153024
"1187" "S_163619278" NA 8 163619278 91 163168727
"1188" "S_164027865" NA 8 164027865 92 163577314
"1189" "S_164344876" NA 8 164344876 93 163894325
"1190" "S_164666439" NA 8 164666439 94 164215888
"1191" "S_165026433" NA 8 165026433 95 164576334
"1192" "S_165286819" NA 8 165286819 96 164836720
"1193" "S_165390707" NA 8 165390707 97 164940608
"1194" "S_165681934" NA 8 165681934 98 165231835
"1195" "S_165987416" NA 8 165987416 99 165537317
"1196" "S_166287811" NA 8 166287811 100 165837712
"1197" "S_166586026" NA 8 166586026 101 166135927
"1198" "S_166884241" NA 8 166884241 102 166434142
"1199" "S_167204076" NA 8 167204076 103 166753977
"1200" "S_167574356" NA 8 167574356 104 167124257
"1201" "S_167944635" NA 8 167944635 105 167495144
"1202" "S_168301755" NA 8 168301755 106 167852264
"1203" "S_168540437" NA 8 168540437 107 168090946
"1204" "S_168779119" NA 8 168779119 108 168330268
"1205" "S_169017801" NA 8 169017801 109 168568950
"1206" "S_169256484" NA 8 169256484 110 168807633
"1207" "S_169495166" NA 8 169495166 111 169046315
"1208" "S_169733848" NA 8 169733848 112 169285433
"1209" "S_169972530" NA 8 169972530 113 169524115
"1210" "S_170211212" NA 8 170211212 114 169762797
"1211" "S_170449894" NA 8 170449894 115 170001479
"1212" "S_170688576" NA 8 170688576 116 170241286
"1213" "S_170972738" NA 8 170972738 117 170525716
"1214" "S_171302381" NA 8 171302381 118 170855359
"1215" "S_171443233" NA 8 171443233 119 170996211
"1216" "S_171584085" NA 8 171584085 120 171137063
"1217" "S_171724937" NA 8 171724937 121 171277915
"1218" "S_171865789" NA 8 171865789 122 171418767
"1219" "S_172097285" NA 8 172097285 123 171650263
"1220" "S_172351442" NA 8 172351442 124 171904420
"1221" "S_172600244" NA 8 172600244 125 172153796
"1222" "S_172849047" NA 8 172849047 126 172402599
"1223" "S_173174032" NA 8 173174032 127 172727584
"1224" "S_173603688" NA 8 173603688 128 173157240
"1225" "S_173916143" NA 8 173916143 129 173470071
"1226" "S_174175578" NA 8 174175578 130 173729506
"1227" "S_174435014" NA 8 174435014 131 173988942
"1228" "S_174694449" NA 8 174694449 132 174248377
"1229" "S_174953885" NA 8 174953885 133 174507813
"1230" "S_175213320" NA 8 175213320 134 174767248
"1231" "S_175472755" NA 8 175472755 135 175026683
"1232" "S_175732191" NA 8 175732191 136 175286119
"1233" "S_175991626" NA 8 175991626 137 NA
"1234" "S_552807" NA 9 552807 -9 552808
"1235" "S_984943" NA 9 984943 -8 984844
"1236" "S_1417080" NA 9 1417080 -7 1416981
"1237" "S_1849216" NA 9 1849216 -6 1849440
"1238" "S_2281353" NA 9 2281353 -5 2281577
"1239" "S_2713489" NA 9 2713489 -4 2713713
"1240" "S_3145626" NA 9 3145626 -3 3145850
"1241" "S_3577762" NA 9 3577762 -2 3577986
"1242" "S_4009899" NA 9 4009899 -1 4010123
"1243" "S_4402435" NA 9 4402435 0 4402659
"1244" "S_4794971" NA 9 4794971 1 4795095
"1245" "S_5187507" NA 9 5187507 2 5187631
"1246" "S_5580043" NA 9 5580043 3 5580475
"1247" "S_5972579" NA 9 5972579 4 5973011
"1248" "S_6365115" NA 9 6365115 5 6365547
"1249" "S_6757651" NA 9 6757651 6 6758083
"1250" "S_7150187" NA 9 7150187 7 7150619
"1251" "S_7542723" NA 9 7542723 8 7544012
"1252" "S_7935259" NA 9 7935259 9 7936548
"1253" "S_8327794" NA 9 8327794 10 8329504
"1254" "S_8720330" NA 9 8720330 11 8726046
"1255" "S_9158196" NA 9 9158196 12 9163912
"1256" "S_9664057" NA 9 9664057 13 9669773
"1257" "S_10120785" NA 9 10120785 14 10125801
"1258" "S_10503814" NA 9 10503814 15 10508830
"1259" "S_10886843" NA 9 10886843 16 10891759
"1260" "S_11269872" NA 9 11269872 17 11274788
"1261" "S_11594506" NA 9 11594506 18 11599422
"1262" "S_11894246" NA 9 11894246 19 11899162
"1263" "S_12345938" NA 9 12345938 20 12350854
"1264" "S_12855521" NA 9 12855521 21 12860437
"1265" "S_13365104" NA 9 13365104 22 13371258
"1266" "S_13895569" NA 9 13895569 23 13901723
"1267" "S_14509557" NA 9 14509557 24 NA
"1268" "S_15123546" NA 9 15123546 25 15129700
"1269" "S_15698390" NA 9 15698390 26 15704544
"1270" "S_16116657" NA 9 16116657 27 16122711
"1271" "S_16503272" NA 9 16503272 28 16510246
"1272" "S_16858233" NA 9 16858233 29 16865207
"1273" "S_17563254" NA 9 17563254 30 17570128
"1274" "S_18340175" NA 9 18340175 31 18347049
"1275" "S_18910882" NA 9 18910882 32 18917756
"1276" "S_19232823" NA 9 19232823 33 19239697
"1277" "S_19670296" NA 9 19670296 34 19679598
"1278" "S_20223300" NA 9 20223300 35 20232602
"1279" "S_20776304" NA 9 20776304 36 20787681
"1280" "S_21329308" NA 9 21329308 37 21340685
"1281" "S_21882312" NA 9 21882312 38 21893689
"1282" "S_23258907" NA 9 23258907 39 23270284
"1283" "S_23709112" NA 9 23709112 40 23720489
"1284" "S_24400853" NA 9 24400853 41 24412230
"1285" "S_26041692" NA 9 26041692 42 26055081
"1286" "S_27613439" NA 9 27613439 43 27626828
"1287" "S_34895436" NA 9 34895436 44 35902217
"1288" "S_79020828" NA 9 79020828 45 80028734
"1289" "S_90969667" NA 9 90969667 46 91975945
"1290" "S_95922577" NA 9 95922577 47 96927924
"1291" "S_99098669" NA 9 99098669 48 100105715
"1292" "S_102757844" NA 9 102757844 49 103764590
"1293" "S_105319534" NA 9 105319534 50 106326594
"1294" "S_107877770" NA 9 107877770 51 107897457
"1295" "S_110404915" NA 9 110404915 52 110425266
"1296" "S_113420650" NA 9 113420650 53 113443615
"1297" "S_114729542" NA 9 114729542 54 NA
"1298" "S_116920834" NA 9 116920834 55 116945180
"1299" "S_119409225" NA 9 119409225 56 119661460
"1300" "S_122670173" NA 9 122670173 57 122929036
"1301" "S_124126277" NA 9 124126277 58 124385039
"1302" "S_125569938" NA 9 125569938 59 125828700
"1303" "S_127013600" NA 9 127013600 60 127272362
"1304" "S_128457261" NA 9 128457261 61 128715923
"1305" "S_131410821" NA 9 131410821 62 131664165
"1306" "S_133586775" NA 9 133586775 63 133840019
"1307" "S_134320441" NA 9 134320441 64 134573685
"1308" "S_135685446" NA 9 135685446 65 135938690
"1309" "S_136515135" NA 9 136515135 66 136768379
"1310" "S_137070857" NA 9 137070857 67 137324001
"1311" "S_137626580" NA 9 137626580 68 137880421
"1312" "S_138230491" NA 9 138230491 69 138484332
"1313" "S_138866528" NA 9 138866528 70 139120369
"1314" "S_139502566" NA 9 139502566 71 139758813
"1315" "S_140138603" NA 9 140138603 72 140394850
"1316" "S_140774640" NA 9 140774640 73 141031384
"1317" "S_141277884" NA 9 141277884 74 141534628
"1318" "S_141661798" NA 9 141661798 75 141918542
"1319" "S_142045711" NA 9 142045711 76 142302455
"1320" "S_142429625" NA 9 142429625 77 142686369
"1321" "S_142813539" NA 9 142813539 78 143070283
"1322" "S_143197452" NA 9 143197452 79 143454196
"1323" "S_143581366" NA 9 143581366 80 143838110
"1324" "S_143965280" NA 9 143965280 81 144222510
"1325" "S_144349193" NA 9 144349193 82 144606423
"1326" "S_144733107" NA 9 144733107 83 144990337
"1327" "S_145117021" NA 9 145117021 84 145374151
"1328" "S_145608971" NA 9 145608971 85 145866101
"1329" "S_146262977" NA 9 146262977 86 146520937
"1330" "S_146723747" NA 9 146723747 87 146981707
"1331" "S_147189867" NA 9 147189867 88 147447827
"1332" "S_147602698" NA 9 147602698 89 147860658
"1333" "S_148048875" NA 9 148048875 90 148306835
"1334" "S_148495053" NA 9 148495053 91 148760988
"1335" "S_148941231" NA 9 148941231 92 149207066
"1336" "S_149310551" NA 9 149310551 93 149577066
"1337" "S_149619146" NA 9 149619146 94 NA
"1338" "S_149992271" NA 9 149992271 95 150258786
"1339" "S_150365395" NA 9 150365395 96 150631910
"1340" "S_150738520" NA 9 150738520 97 151005035
"1341" "S_150990691" NA 9 150990691 98 151257206
"1342" "S_151212624" NA 9 151212624 99 151479039
"1343" "S_151434556" NA 9 151434556 100 151700971
"1344" "S_151586498" NA 9 151586498 101 151852913
"1345" "S_151720455" NA 9 151720455 102 151986870
"1346" "S_151974142" NA 9 151974142 103 152240457
"1347" "S_152227830" NA 9 152227830 104 152494145
"1348" "S_152481517" NA 9 152481517 105 152747832
"1349" "S_152735204" NA 9 152735204 106 153001519
"1350" "S_153116481" NA 9 153116481 107 153383649
"1351" "S_153314419" NA 9 153314419 108 153584346
"1352" "S_153512358" NA 9 153512358 109 153782285
"1353" "S_153710296" NA 9 153710296 110 NA
"1354" "S_153908234" NA 9 153908234 111 154178161
"1355" "S_154106172" NA 9 154106172 112 154376099
"1356" "S_154304110" NA 9 154304110 113 154574037
"1357" "S_154518245" NA 9 154518245 114 154788172
"1358" "S_154797167" NA 9 154797167 115 155067094
"1359" "S_155076089" NA 9 155076089 116 155345616
"1360" "S_155355011" NA 9 155355011 117 155625390
"1361" "S_155633932" NA 9 155633932 118 155904311
"1362" "S_155912854" NA 9 155912854 119 156183233
"1363" "S_156191776" NA 9 156191776 120 156462155
"1364" "S_156470697" NA 9 156470697 121 156741076
"1365" "S_156749619" NA 9 156749619 122 157019998
"1366" "S_975654" NA 10 975654 -6 975555
"1367" "S_1271383" NA 10 1271383 -5 1271284
"1368" "S_1567112" NA 10 1567112 -4 1569740
"1369" "S_1862841" NA 10 1862841 -3 1865797
"1370" "S_2158570" NA 10 2158570 -2 2161526
"1371" "S_2454299" NA 10 2454299 -1 2457255
"1372" "S_2688412" NA 10 2688412 0 2691368
"1373" "S_2970918" NA 10 2970918 1 2973874
"1374" "S_3253424" NA 10 3253424 2 3256380
"1375" "S_3535929" NA 10 3535929 3 3538885
"1376" "S_3818435" NA 10 3818435 4 3821391
"1377" "S_4092473" NA 10 4092473 5 4095429
"1378" "S_4290308" NA 10 4290308 6 4293264
"1379" "S_4488143" NA 10 4488143 7 4491099
"1380" "S_4680884" NA 10 4680884 8 4683840
"1381" "S_4827789" NA 10 4827789 9 4830745
"1382" "S_4974693" NA 10 4974693 10 4977649
"1383" "S_5121597" NA 10 5121597 11 5124553
"1384" "S_5268502" NA 10 5268502 12 5271458
"1385" "S_5415406" NA 10 5415406 13 5419366
"1386" "S_5562310" NA 10 5562310 14 5566270
"1387" "S_5723149" NA 10 5723149 15 5727109
"1388" "S_5887471" NA 10 5887471 16 5892179
"1389" "S_6051794" NA 10 6051794 17 6056502
"1390" "S_6216116" NA 10 6216116 18 6220824
"1391" "S_6380439" NA 10 6380439 19 6385147
"1392" "S_6544761" NA 10 6544761 20 6549469
"1393" "S_7050685" NA 10 7050685 21 7055293
"1394" "S_7703009" NA 10 7703009 22 7707517
"1395" "S_8355333" NA 10 8355333 23 8359741
"1396" "S_9480927" NA 10 9480927 24 9485335
"1397" "S_9878633" NA 10 9878633 25 9883041
"1398" "S_10277478" NA 10 10277478 26 10283044
"1399" "S_10680877" NA 10 10680877 27 10686443
"1400" "S_11404753" NA 10 11404753 28 11410051
"1401" "S_12449107" NA 10 12449107 29 12454405
"1402" "S_13493461" NA 10 13493461 30 13498759
"1403" "S_14316080" NA 10 14316080 31 14321278
"1404" "S_15690240" NA 10 15690240 32 15695438
"1405" "S_19234062" NA 10 19234062 33 19240244
"1406" "S_22979734" NA 10 22979734 34 22987977
"1407" "S_30868206" NA 10 30868206 35 30876149
"1408" "S_73093603" NA 10 73093603 36 73106062
"1409" "S_75958884" NA 10 75958884 37 75972435
"1410" "S_79389587" NA 10 79389587 38 79403429
"1411" "S_83668426" NA 10 83668426 39 83681916
"1412" "S_87208464" NA 10 87208464 40 87222346
"1413" "S_92791835" NA 10 92791835 41 92805517
"1414" "S_98999036" NA 10 98999036 42 99015469
"1415" "S_108093611" NA 10 108093611 43 108111192
"1416" "S_112388316" NA 10 112388316 44 112407482
"1417" "S_115434207" NA 10 115434207 45 115454565
"1418" "S_117885248" NA 10 117885248 46 117906689
"1419" "S_121752090" NA 10 121752090 47 121772540
"1420" "S_124526091" NA 10 124526091 48 124546287
"1421" "S_126261991" NA 10 126261991 49 126283329
"1422" "S_127997890" NA 10 127997890 50 128019980
"1423" "S_129733790" NA 10 129733790 51 129756264
"1424" "S_130675218" NA 10 130675218 52 130697692
"1425" "S_131319540" NA 10 131319540 53 131342014
"1426" "S_131939239" NA 10 131939239 54 131961713
"1427" "S_132558939" NA 10 132558939 55 132581413
"1428" "S_133322225" NA 10 133322225 56 133346693
"1429" "S_134101465" NA 10 134101465 57 134125933
"1430" "S_134766266" NA 10 134766266 58 134790734
"1431" "S_135354773" NA 10 135354773 59 135379241
"1432" "S_135943280" NA 10 135943280 60 135967748
"1433" "S_136480572" NA 10 136480572 61 136505040
"1434" "S_136941040" NA 10 136941040 62 136965508
"1435" "S_137313656" NA 10 137313656 63 137339210
"1436" "S_138085371" NA 10 138085371 64 138110825
"1437" "S_138536177" NA 10 138536177 65 138563924
"1438" "S_138986983" NA 10 138986983 66 139014730
"1440" "S_139888595" NA 10 139888595 68 139311832
"1441" "S_140264032" NA 10 140264032 69 139688354
"1442" "S_140620626" NA 10 140620626 70 140045987
"1443" "S_140977221" NA 10 140977221 71 140402582
"1444" "S_141333816" NA 10 141333816 72 140759077
"1445" "S_141690410" NA 10 141690410 73 141115571
"1446" "S_142047005" NA 10 142047005 74 141472166
"1447" "S_142358303" NA 10 142358303 75 141783464
"1448" "S_142632431" NA 10 142632431 76 142059358
"1449" "S_142906558" NA 10 142906558 77 142333385
"1450" "S_143180686" NA 10 143180686 78 142607513
"1451" "S_143454813" NA 10 143454813 79 142881640
"1452" "S_143828929" NA 10 143828929 80 143255756
"1453" "S_144587239" NA 10 144587239 81 144014066
"1454" "S_144922805" NA 10 144922805 82 144349632
"1455" "S_145189441" NA 10 145189441 83 144616960
"1456" "S_145448036" NA 10 145448036 84 144875555
"1457" "S_145706630" NA 10 145706630 85 145141993
"1458" "S_145965225" NA 10 145965225 86 145400588
"1459" "S_146223819" NA 10 146223819 87 145659182
"1460" "S_146482414" NA 10 146482414 88 145917577
"1461" "S_146741008" NA 10 146741008 89 146176171
"1462" "S_146999603" NA 10 146999603 90 146434766
"1463" "S_147157316" NA 10 147157316 91 146592479
"1464" "S_147335616" NA 10 147335616 92 146770779
"1465" "S_147515754" NA 10 147515754 93 146950917
"1466" "S_147700185" NA 10 147700185 94 147135348
"1467" "S_147884615" NA 10 147884615 95 147319778
"1468" "S_148069046" NA 10 148069046 96 147504209
"1469" "S_148253477" NA 10 148253477 97 147688640
"1470" "S_148437907" NA 10 148437907 98 147873451
"1471" "S_148622338" NA 10 148622338 99 148060026
"1472" "S_148806768" NA 10 148806768 100 148244879
"1473" "S_148997868" NA 10 148997868 101 148435979
"1474" "S_149248988" NA 10 149248988 102 148687099
"1475" "S_149500109" NA 10 149500109 103 148938220
"1476" "S_149751229" NA 10 149751229 104 149189340
"1477" "S_150002350" NA 10 150002350 105 149440461
"1478" "S_150253470" NA 10 150253470 106 NA
